600
	1	2	3	4	5	6	7	8	9	10	11	12
A	0,226	0,041	0,108	0,044	0,110	0,041	0,568	0,041	0,474	0,041	0,234	0,040	600
B	0,043	0,330	0,041	0,073	0,040	0,398	0,041	0,391	0,041	0,052	0,041	0,143	600
C	0,210	0,041	0,059	0,041	0,080	0,041	0,071	0,041	0,186	0,041	0,078	0,041	600
D	0,041	0,069	0,041	0,069	0,041	0,079	0,041	0,068	0,041	0,069	0,041	0,104	600
E	0,453	0,041	0,097	0,041	0,085	0,040	0,220	0,041	0,136	0,041	0,122	0,040	600
F	0,040	0,478	0,041	0,067	0,041	0,361	0,041	0,067	0,041	0,432	0,041	1,139	600
G	0,050	0,040	0,417	0,041	0,376	0,040	0,074	0,043	0,066	0,041	0,052	0,041	600
H	0,041	0,357	0,042	0,353	0,041	0,668	0,046	0,048	0,040	0,482	0,041	0,042	600

