600
	1	2	3	4	5	6	7	8	9	10	11	12
A	0,103	0,041	0,125	0,040	0,140	0,041	0,064	0,043	0,092	0,041	0,115	0,040	600
B	0,041	0,163	0,043	0,074	0,040	0,053	0,041	0,055	0,041	0,091	0,041	0,050	600
C	0,188	0,041	0,140	0,042	0,112	0,041	0,139	0,043	0,101	0,041	0,102	0,039	600
D	0,042	0,116	0,041	0,123	0,041	0,104	0,041	0,116	0,042	0,118	0,040	0,061	600
E	0,160	0,041	0,077	0,041	0,126	0,041	0,106	0,042	0,124	0,042	0,080	0,041	600
F	0,041	0,179	0,041	0,134	0,041	0,118	0,046	0,137	0,043	0,110	0,041	1,256	600
G	0,088	0,040	0,060	0,041	0,115	0,040	0,100	0,042	0,126	0,043	0,157	0,041	600
H	0,042	0,159	0,042	0,170	0,041	0,131	0,041	0,157	0,041	0,184	0,042	0,043	600

