600
	1	2	3	4	5	6	7	8	9	10	11	12
A	0,081	0,043	0,084	0,041	0,199	0,042	0,272	0,041	0,058	0,040	0,078	0,040	600
B	0,045	0,249	0,056	0,198	0,066	0,076	0,072	0,077	0,071	0,222	0,067	0,079	600
C	0,081	0,051	0,094	0,066	0,069	0,078	0,079	0,074	0,104	0,071	0,285	0,042	600
D	0,043	0,303	0,057	0,097	0,076	0,077	0,079	0,081	0,078	0,158	0,062	0,157	600
E	0,163	0,042	0,122	0,060	0,108	0,076	0,078	0,066	0,075	0,056	0,071	0,041	600
F	0,042	0,073	0,043	0,120	0,070	0,080	0,074	0,076	0,063	0,084	0,042	1,029	600
G	0,051	0,041	0,074	0,042	0,559	0,055	0,085	0,042	0,272	0,043	0,554	0,041	600
H	0,040	0,355	0,042	0,066	0,045	0,060	0,042	0,309	0,041	0,180	0,044	0,042	600

