600
	1	2	3	4	5	6	7	8	9	10	11	12
A	0,164	0,041	0,174	0,041	0,099	0,041	0,159	0,041	0,257	0,040	0,109	0,042	600
B	0,041	0,096	0,041	0,105	0,042	0,106	0,041	0,123	0,043	0,099	0,040	0,073	600
C	0,147	0,041	0,133	0,042	0,105	0,042	0,111	0,041	0,162	0,041	0,098	0,040	600
D	0,042	0,138	0,041	0,145	0,041	0,133	0,041	0,107	0,041	0,139	0,041	0,148	600
E	0,177	0,043	0,132	0,041	0,133	0,041	0,127	0,041	0,116	0,041	0,104	0,042	600
F	0,041	0,156	0,041	0,172	0,042	0,197	0,041	0,128	0,041	0,103	0,041	0,998	600
G	0,091	0,041	0,191	0,041	0,100	0,041	0,125	0,041	0,107	0,042	0,207	0,040	600
H	0,041	0,127	0,041	0,181	0,041	0,188	0,041	0,119	0,041	0,071	0,041	0,041	600

