600
	1	2	3	4	5	6	7	8	9	10	11	12
A	0,531	0,041	0,582	0,040	0,330	0,041	0,554	0,041	0,473	0,041	0,561	0,040	600
B	0,041	0,543	0,042	0,546	0,041	0,582	0,041	0,059	0,041	0,540	0,041	0,573	600
C	0,063	0,041	0,517	0,042	0,504	0,041	0,059	0,041	0,062	0,042	0,548	0,044	600
D	0,041	0,520	0,042	0,061	0,041	0,509	0,041	0,078	0,044	0,551	0,041	0,237	600
E	0,057	0,046	0,527	0,041	0,258	0,042	0,574	0,041	0,488	0,041	0,555	0,040	600
F	0,039	0,586	0,043	0,058	0,041	0,412	0,041	0,053	0,042	0,594	0,041	1,052	600
G	0,603	0,041	0,049	0,040	0,058	0,043	0,544	0,041	0,536	0,041	0,407	0,041	600
H	0,042	0,051	0,042	0,247	0,041	0,051	0,040	0,049	0,040	0,606	0,041	0,041	600

600
	1	2	3	4	5	6	7	8	9	10	11	12
A	0,531	0,041	0,582	0,040	0,330	0,041	0,554	0,041	0,473	0,041	0,561	0,040	600
B	0,041	0,543	0,042	0,546	0,041	0,582	0,041	0,059	0,041	0,540	0,041	0,573	600
C	0,063	0,041	0,517	0,042	0,504	0,041	0,059	0,041	0,062	0,042	0,548	0,044	600
D	0,041	0,520	0,042	0,061	0,041	0,509	0,041	0,078	0,044	0,551	0,041	0,237	600
E	0,057	0,046	0,527	0,041	0,258	0,042	0,574	0,041	0,488	0,041	0,555	0,040	600
F	0,039	0,586	0,043	0,058	0,041	0,412	0,041	0,053	0,042	0,594	0,041	1,052	600
G	0,603	0,041	0,049	0,040	0,058	0,043	0,544	0,041	0,536	0,041	0,407	0,041	600
H	0,042	0,051	0,042	0,247	0,041	0,051	0,040	0,049	0,040	0,606	0,041	0,041	600

