600
	1	2	3	4	5	6	7	8	9	10	11	12
A	0,057	0,041	0,064	0,040	0,050	0,041	0,619	0,041	0,050	0,041	0,054	0,040	600
B	0,041	0,059	0,041	0,576	0,041	0,310	0,040	0,058	0,041	0,639	0,041	0,303	600
C	0,060	0,041	0,342	0,041	0,060	0,041	0,459	0,040	0,061	0,041	0,550	0,039	600
D	0,041	0,576	0,041	0,057	0,041	0,054	0,040	0,072	0,041	0,055	0,040	0,654	600
E	0,053	0,041	0,068	0,041	0,052	0,041	0,052	0,041	0,053	0,041	0,061	0,041	600
F	0,041	0,663	0,041	0,313	0,041	0,056	0,041	0,617	0,041	0,504	0,041	1,267	600
G	0,048	0,041	0,062	0,041	0,602	0,041	0,048	0,041	0,050	0,041	0,099	0,040	600
H	0,040	0,049	0,041	0,048	0,041	0,055	0,041	0,515	0,042	0,554	0,042	0,041	600

