600
	1	2	3	4	5	6	7	8	9	10	11	12
A	0,045	0,041	0,679	0,042	0,046	0,045	0,045	0,042	0,736	0,041	0,050	0,043	600
B	0,041	0,047	0,041	0,047	0,048	0,727	0,041	0,051	0,041	0,048	0,041	0,615	600
C	0,821	0,041	0,052	0,041	0,746	0,042	0,063	0,041	0,055	0,042	0,048	0,042	600
D	0,041	0,061	0,042	0,063	0,042	0,726	0,041	0,083	0,042	0,521	0,041	0,495	600
E	0,695	0,042	0,492	0,042	0,084	0,041	0,759	0,041	0,048	0,042	0,051	0,042	600
F	0,041	0,732	0,043	0,089	0,041	0,745	0,041	0,052	0,041	0,048	0,044	1,238	600
G	0,704	0,044	0,792	0,041	0,046	0,042	0,047	0,041	0,594	0,041	0,075	0,043	600
H	0,042	0,060	0,042	0,049	0,041	0,048	0,042	0,044	0,041	0,071	0,041	0,042	600

