600
	1	2	3	4	5	6	7	8	9	10	11	12
A	0,361	0,041	0,156	0,040	0,331	0,041	0,092	0,041	0,044	0,040	0,045	0,040	600
B	0,042	0,305	0,040	0,046	0,040	0,228	0,040	0,060	0,041	0,043	0,041	0,506	600
C	0,044	0,041	0,048	0,040	0,047	0,041	0,049	0,040	0,052	0,046	0,059	0,039	600
D	0,040	0,050	0,041	0,046	0,044	0,051	0,040	0,064	0,041	0,045	0,040	0,066	600
E	0,058	0,041	0,045	0,041	0,552	0,041	0,051	0,041	0,550	0,041	0,125	0,040	600
F	0,041	0,118	0,041	0,045	0,041	0,213	0,041	0,437	0,041	0,047	0,045	1,166	600
G	0,042	0,040	0,043	0,041	0,043	0,041	0,043	0,040	0,536	0,041	0,043	0,040	600
H	0,040	0,042	0,041	0,045	0,040	0,045	0,041	0,044	0,041	0,585	0,041	0,041	600

