600
	1	2	3	4	5	6	7	8	9	10	11	12
A	0,049	0,041	0,473	0,040	0,050	0,043	0,048	0,041	0,051	0,041	0,044	0,040	600
B	0,042	0,047	0,045	0,046	0,047	0,052	0,049	0,530	0,043	0,050	0,041	0,595	600
C	0,053	0,044	0,056	0,051	0,058	0,068	0,496	0,047	0,053	0,049	0,056	0,044	600
D	0,042	0,515	0,044	0,055	0,057	0,056	0,069	0,048	0,043	0,051	0,045	0,056	600
E	0,049	0,039	0,057	0,044	0,517	0,066	0,063	0,041	0,043	0,039	0,056	0,036	600
F	0,041	0,047	0,043	0,058	0,045	0,052	0,041	0,064	0,043	0,054	0,044	1,189	600
G	0,045	0,040	0,044	0,042	0,046	0,039	0,046	0,042	0,045	0,039	0,052	0,039	600
H	0,041	0,654	0,042	0,048	0,041	0,044	0,041	0,050	0,041	0,684	0,039	0,045	600

