600
	1	2	3	4	5	6	7	8	9	10	11	12
A	0,701	0,041	0,706	0,041	0,698	0,042	0,050	0,041	0,814	0,041	0,050	0,041	600
B	0,042	0,051	0,042	0,391	0,040	0,714	0,040	0,049	0,042	0,836	0,043	0,046	600
C	0,900	0,041	0,052	0,041	0,690	0,042	0,059	0,042	0,606	0,041	0,762	0,040	600
D	0,041	0,691	0,041	0,701	0,041	0,061	0,042	0,056	0,041	0,054	0,041	0,465	600
E	0,808	0,041	0,619	0,041	0,068	0,041	0,592	0,042	0,054	0,042	0,054	0,042	600
F	0,042	0,068	0,041	0,060	0,043	0,047	0,041	0,662	0,041	0,141	0,042	1,266	600
G	0,716	0,043	0,792	0,041	0,653	0,041	0,050	0,041	0,505	0,042	0,041	0,041	600
H	0,040	0,077	0,042	0,081	0,041	0,770	0,041	0,646	0,045	0,058	0,042	0,042	600

