600
	1	2	3	4	5	6	7	8	9	10	11	12
A	0,046	0,046	0,048	0,040	0,047	0,046	0,197	0,041	0,046	0,041	0,129	0,040	600
B	0,042	0,051	0,041	0,049	0,041	0,049	0,040	0,348	0,042	0,050	0,042	0,142	600
C	0,060	0,043	0,109	0,041	0,056	0,041	0,058	0,040	0,059	0,042	0,050	0,039	600
D	0,042	0,049	0,042	0,081	0,041	0,052	0,040	0,135	0,041	0,051	0,042	0,048	600
E	0,138	0,041	0,381	0,041	0,056	0,041	0,445	0,042	0,052	0,041	0,053	0,042	600
F	0,041	0,055	0,042	0,057	0,041	0,421	0,041	0,053	0,041	0,051	0,042	1,125	600
G	0,054	0,041	0,301	0,040	0,114	0,041	0,188	0,041	0,382	0,042	0,051	0,040	600
H	0,041	0,192	0,041	0,286	0,040	0,054	0,042	0,107	0,042	0,331	0,042	0,042	600

