600
	1	2	3	4	5	6	7	8	9	10	11	12
A	0,048	0,041	0,300	0,040	0,046	0,041	0,066	0,041	0,048	0,041	0,050	0,040	600
B	0,041	0,048	0,041	0,081	0,041	0,048	0,041	0,049	0,041	0,049	0,041	0,076	600
C	0,437	0,041	0,361	0,041	0,356	0,041	0,338	0,041	0,375	0,042	0,399	0,041	600
D	0,042	0,400	0,041	0,200	0,041	0,069	0,041	0,305	0,041	0,306	0,041	0,068	600
E	0,427	0,041	0,427	0,041	0,420	0,041	0,069	0,041	0,053	0,041	0,202	0,041	600
F	0,041	0,371	0,042	0,057	0,041	0,051	0,041	0,406	0,041	0,053	0,041	1,165	600
G	0,349	0,041	0,047	0,042	0,081	0,040	0,050	0,042	0,051	0,041	0,336	0,041	600
H	0,040	0,412	0,043	0,069	0,041	0,324	0,041	0,051	0,039	0,278	0,041	0,043	600

