600
	1	2	3	4	5	6	7	8	9	10	11	12
A	0,224	0,041	0,266	0,041	0,752	0,041	0,221	0,041	0,105	0,041	0,245	0,074	600
B	0,043	0,208	0,041	0,486	0,040	0,746	0,041	0,192	0,041	0,162	0,041	0,254	600
C	0,210	0,041	0,203	0,041	0,712	0,041	0,189	0,041	0,201	0,041	0,254	0,042	600
D	0,041	0,253	0,041	0,185	0,042	0,195	0,041	0,224	0,041	0,185	0,041	0,239	600
E	0,156	0,041	0,218	0,041	0,367	0,040	0,421	0,041	0,233	0,041	0,244	0,040	600
F	0,041	0,183	0,043	0,158	0,041	0,181	0,041	0,164	0,043	0,214	0,041	1,120	600
G	0,173	0,043	0,199	0,048	0,186	0,041	0,610	0,040	0,215	0,041	0,227	0,041	600
H	0,044	0,198	0,042	0,214	0,041	0,193	0,041	0,179	0,040	0,175	0,041	0,058	600

