600
	1	2	3	4	5	6	7	8	9	10	11	12
A	0,332	0,041	0,508	0,040	0,222	0,041	0,238	0,041	0,260	0,040	0,224	0,040	600
B	0,041	0,304	0,040	0,275	0,040	0,568	0,041	0,302	0,040	0,419	0,041	0,283	600
C	0,329	0,041	0,293	0,040	0,241	0,041	0,437	0,041	0,276	0,041	0,308	0,040	600
D	0,041	0,309	0,041	0,270	0,041	0,502	0,041	0,527	0,041	0,649	0,041	0,243	600
E	0,297	0,041	0,310	0,041	0,264	0,041	0,400	0,041	0,407	0,041	0,272	0,040	600
F	0,041	0,431	0,041	0,381	0,041	0,490	0,041	0,261	0,044	0,269	0,041	1,196	600
G	0,578	0,041	0,273	0,041	0,327	0,041	0,417	0,041	0,257	0,041	0,256	0,041	600
H	0,040	0,384	0,045	0,390	0,041	0,521	0,041	0,264	0,041	0,271	0,041	0,064	600

