600
	1	2	3	4	5	6	7	8	9	10	11	12
A	0,405	0,049	0,564	0,041	0,458	0,044	0,475	0,042	0,423	0,041	0,300	0,041	600
B	0,043	0,472	0,101	0,446	0,106	0,430	0,123	0,493	0,111	0,450	0,080	0,487	600
C	0,704	0,088	0,738	0,110	0,449	0,122	0,412	0,113	0,486	0,114	0,622	0,042	600
D	0,044	0,732	0,108	0,351	0,111	0,543	0,137	0,435	0,118	0,464	0,107	0,389	600
E	0,419	0,093	0,512	0,120	0,481	0,145	0,458	0,127	0,448	0,124	0,459	0,043	600
F	0,041	0,376	0,099	0,444	0,112	0,397	0,125	0,427	0,118	0,487	0,104	1,151	600
G	0,403	0,055	0,461	0,109	0,454	0,115	0,480	0,095	0,421	0,092	0,474	0,041	600
H	0,042	0,554	0,042	0,565	0,043	0,400	0,043	0,385	0,042	0,431	0,041	0,075	600

