600
	1	2	3	4	5	6	7	8	9	10	11	12
A	0,429	0,041	0,280	0,041	0,606	0,041	0,369	0,041	0,330	0,040	0,306	0,041	600
B	0,041	0,390	0,043	0,374	0,040	0,374	0,040	0,407	0,041	0,377	0,040	0,369	600
C	0,328	0,041	0,351	0,041	0,358	0,042	0,329	0,041	0,414	0,041	0,514	0,040	600
D	0,042	0,342	0,041	0,362	0,041	0,375	0,041	0,362	0,041	0,378	0,041	0,372	600
E	0,327	0,041	0,422	0,041	0,357	0,041	0,373	0,041	0,339	0,041	0,392	0,041	600
F	0,041	0,301	0,041	0,321	0,041	0,355	0,041	0,390	0,041	0,393	0,041	1,092	600
G	0,212	0,041	0,306	0,041	0,454	0,041	0,326	0,041	0,352	0,041	0,441	0,040	600
H	0,040	0,216	0,041	0,498	0,041	0,640	0,041	0,360	0,041	0,332	0,041	0,058	600

