600
	1	2	3	4	5	6	7	8	9	10	11	12
A	0,106	0,040	0,128	0,040	0,059	0,040	0,046	0,040	0,046	0,040	0,058	0,039	600
B	0,040	0,114	0,041	0,105	0,040	0,070	0,041	0,051	0,040	0,076	0,040	0,046	600
C	0,059	0,040	0,066	0,041	0,064	0,040	0,077	0,040	0,063	0,041	0,062	0,040	600
D	0,041	0,074	0,040	0,058	0,040	0,075	0,040	0,068	0,041	0,067	0,040	0,046	600
E	0,081	0,041	0,065	0,040	0,090	0,040	0,072	0,040	0,070	0,040	0,096	0,040	600
F	0,040	0,063	0,040	0,072	0,040	0,074	0,040	0,064	0,041	0,091	0,041	1,223	600
G	0,081	0,039	0,079	0,040	0,074	0,039	0,107	0,039	0,065	0,041	0,087	0,040	600
H	0,040	0,076	0,040	0,083	0,040	0,068	0,040	0,076	0,040	0,078	0,040	0,042	600

