600
	1	2	3	4	5	6	7	8	9	10	11	12
A	0,091	0,041	0,064	0,040	0,076	0,040	0,052	0,041	0,235	0,041	0,113	0,039	600
B	0,042	0,061	0,042	0,056	0,040	0,045	0,040	0,161	0,041	0,050	0,040	0,072	600
C	0,076	0,040	0,056	0,041	0,333	0,043	0,060	0,040	0,241	0,041	0,074	0,039	600
D	0,042	0,052	0,042	0,270	0,040	0,052	0,040	0,062	0,040	0,281	0,041	0,066	600
E	0,092	0,040	0,060	0,041	0,061	0,041	0,053	0,042	0,155	0,042	0,058	0,040	600
F	0,041	0,246	0,040	0,057	0,041	0,085	0,040	0,069	0,041	0,114	0,040	1,171	600
G	0,065	0,040	0,046	0,040	0,308	0,041	0,060	0,041	0,107	0,040	0,084	0,040	600
H	0,039	0,141	0,041	0,047	0,040	0,049	0,041	0,093	0,041	0,050	0,043	0,043	600

