600
	1	2	3	4	5	6	7	8	9	10	11	12
A	0,153	0,041	0,083	0,040	0,152	0,041	0,122	0,041	0,070	0,041	0,071	0,040	600
B	0,041	0,120	0,041	0,066	0,040	0,121	0,041	0,081	0,041	0,059	0,041	0,067	600
C	0,137	0,041	0,108	0,041	0,135	0,041	0,121	0,041	0,080	0,041	0,073	0,041	600
D	0,041	0,091	0,041	0,113	0,041	0,120	0,041	0,111	0,041	0,112	0,041	0,132	600
E	0,134	0,041	0,117	0,041	0,160	0,041	0,120	0,041	0,100	0,041	0,128	0,040	600
F	0,041	0,180	0,041	0,095	0,041	0,124	0,041	0,122	0,041	0,110	0,040	1,182	600
G	0,173	0,040	0,087	0,040	0,064	0,040	0,075	0,040	0,119	0,041	0,138	0,041	600
H	0,041	0,055	0,041	0,108	0,041	0,097	0,041	0,117	0,040	0,175	0,041	0,042	600

