600
	1	2	3	4	5	6	7	8	9	10	11	12
A	0,080	0,043	0,062	0,041	0,100	0,042	0,053	0,042	0,090	0,041	0,092	0,040	600
B	0,042	0,063	0,041	0,077	0,040	0,060	0,040	0,087	0,041	0,088	0,040	0,097	600
C	0,085	0,041	0,139	0,041	0,109	0,041	0,103	0,059	0,099	0,041	0,085	0,040	600
D	0,041	0,090	0,043	0,124	0,042	0,132	0,040	0,101	0,049	0,098	0,051	0,151	600
E	0,116	0,041	0,122	0,041	0,117	0,051	0,122	0,041	0,080	0,041	0,143	0,041	600
F	0,041	0,140	0,042	0,101	0,041	0,109	0,041	0,108	0,042	0,110	0,042	1,211	600
G	0,065	0,040	0,148	0,056	0,105	0,042	0,074	0,041	0,117	0,041	0,089	0,041	600
H	0,040	0,151	0,041	0,129	0,040	0,131	0,041	0,055	0,041	0,105	0,042	0,041	600

