600
	1	2	3	4	5	6	7	8	9	10	11	12
A	0,043	0,041	0,166	0,039	0,048	0,041	0,050	0,041	0,046	0,041	0,142	0,040	600
B	0,041	0,044	0,040	0,044	0,039	0,044	0,038	0,044	0,041	0,044	0,040	0,056	600
C	0,202	0,046	0,271	0,039	0,047	0,075	0,198	0,040	0,440	0,046	0,350	0,040	600
D	0,042	0,043	0,041	0,044	0,041	0,308	0,038	0,049	0,038	0,051	0,040	0,050	600
E	0,063	0,041	0,049	0,041	0,047	0,042	0,046	0,061	0,450	0,041	0,046	0,042	600
F	0,041	0,052	0,041	0,118	0,041	0,048	0,041	0,048	0,041	0,048	0,041	1,234	600
G	0,126	0,041	0,050	0,040	0,462	0,041	0,404	0,043	0,053	0,041	0,050	0,101	600
H	0,040	0,053	0,042	0,049	0,041	0,407	0,041	0,124	0,042	0,044	0,042	0,040	600

