600
	1	2	3	4	5	6	7	8	9	10	11	12
A	0,043	0,041	0,258	0,039	0,045	0,040	0,061	0,041	0,056	0,040	0,053	0,039	600
B	0,041	0,367	0,040	0,478	0,059	0,044	0,040	0,056	0,041	0,052	0,042	0,047	600
C	0,051	0,041	0,049	0,041	0,395	0,041	0,056	0,041	0,233	0,041	0,059	0,039	600
D	0,040	0,048	0,041	0,054	0,041	0,429	0,040	0,053	0,041	0,068	0,040	0,069	600
E	0,060	0,040	0,057	0,041	0,454	0,041	0,060	0,041	0,307	0,040	0,054	0,041	600
F	0,041	0,056	0,041	0,442	0,041	0,054	0,042	0,048	0,041	0,057	0,040	1,339	600
G	0,056	0,040	0,045	0,040	0,056	0,040	0,050	0,042	0,044	0,041	0,050	0,042	600
H	0,039	0,130	0,042	0,048	0,042	0,064	0,041	0,045	0,042	0,044	0,041	0,040	600

