600
	1	2	3	4	5	6	7	8	9	10	11	12
A	0,044	0,041	0,042	0,039	0,046	0,040	0,042	0,041	0,056	0,040	0,044	0,039	600
B	0,045	0,053	0,040	0,049	0,040	0,042	0,040	0,043	0,041	0,046	0,040	0,079	600
C	0,078	0,040	0,050	0,040	0,051	0,041	0,829	0,040	0,051	0,041	0,060	0,039	600
D	0,040	0,048	0,041	0,069	0,040	0,044	0,040	0,070	0,040	0,058	0,040	0,049	600
E	0,051	0,040	0,061	0,041	0,049	0,040	0,506	0,040	0,050	0,041	0,048	0,040	600
F	0,041	0,076	0,041	0,077	0,040	0,054	0,042	0,047	0,041	0,046	0,041	1,276	600
G	0,043	0,040	0,083	0,040	0,053	0,041	0,048	0,040	0,046	0,041	0,043	0,040	600
H	0,039	0,042	0,041	0,072	0,040	0,054	0,042	0,067	0,042	0,049	0,041	0,040	600

