600
	1	2	3	4	5	6	7	8	9	10	11	12
A	0,050	0,041	0,049	0,039	0,044	0,040	0,051	0,041	0,047	0,041	0,052	0,039	600
B	0,041	0,045	0,040	0,049	0,040	0,046	0,045	0,053	0,038	0,054	0,041	0,078	600
C	0,053	0,041	0,054	0,041	0,055	0,041	0,063	0,037	0,071	0,043	0,052	0,041	600
D	0,042	0,049	0,041	0,053	0,040	0,058	0,041	0,074	0,041	0,061	0,044	0,057	600
E	0,052	0,041	0,052	0,053	0,509	0,041	0,054	0,039	0,052	0,041	0,047	0,041	600
F	0,042	0,047	0,041	0,058	0,041	0,055	0,041	0,053	0,042	0,048	0,041	1,222	600
G	0,049	0,040	0,049	0,040	0,052	0,041	0,043	0,040	0,051	0,042	0,046	0,044	600
H	0,039	0,051	0,043	0,044	0,041	0,566	0,041	0,046	0,041	0,076	0,041	0,041	600

