600
	1	2	3	4	5	6	7	8	9	10	11	12
A	0,076	0,040	0,045	0,040	0,044	0,041	0,044	0,041	0,044	0,040	0,044	0,039	600
B	0,040	0,047	0,041	0,042	0,040	0,045	0,041	0,046	0,041	0,044	0,041	0,074	600
C	0,045	0,041	0,047	0,040	0,051	0,041	0,048	0,041	0,046	0,041	0,062	0,045	600
D	0,041	0,048	0,042	0,046	0,040	0,075	0,041	0,065	0,045	0,080	0,044	0,078	600
E	0,041	0,041	0,047	0,041	0,115	0,040	0,078	0,041	0,045	0,041	0,050	0,041	600
F	0,040	0,048	0,040	0,065	0,040	0,062	0,041	0,055	0,041	0,047	0,040	1,206	600
G	0,041	0,040	0,043	0,040	0,042	0,040	0,042	0,040	0,043	0,041	0,046	0,044	600
H	0,040	0,050	0,040	0,043	0,041	0,050	0,041	0,049	0,041	0,047	0,040	0,043	600

