600
	1	2	3	4	5	6	7	8	9	10	11	12
A	0,043	0,041	0,046	0,040	0,044	0,041	0,047	0,053	0,069	0,041	0,045	0,062	600
B	0,041	0,045	0,041	0,047	0,041	0,061	0,043	0,048	0,041	0,046	0,041	0,051	600
C	0,084	0,041	0,046	0,041	0,050	0,041	0,053	0,041	0,051	0,044	0,048	0,042	600
D	0,041	0,054	0,041	0,049	0,041	0,050	0,041	0,056	0,041	0,405	0,041	0,046	600
E	0,091	0,041	0,063	0,041	0,118	0,041	0,279	0,041	0,057	0,041	0,061	0,041	600
F	0,040	0,082	0,042	0,052	0,041	0,049	0,041	0,048	0,041	0,063	0,041	1,211	600
G	0,075	0,040	0,067	0,041	0,053	0,041	0,048	0,041	0,064	0,041	0,130	0,041	600
H	0,041	0,077	0,042	0,046	0,041	0,046	0,040	0,052	0,042	0,046	0,041	0,042	600

