600
	1	2	3	4	5	6	7	8	9	10	11	12
A	0,045	0,042	0,046	0,041	0,047	0,041	0,045	0,042	0,049	0,041	0,312	0,041	600
B	0,042	0,048	0,041	0,048	0,040	0,045	0,045	0,047	0,041	0,050	0,040	0,047	600
C	0,046	0,041	0,054	0,043	0,048	0,042	0,053	0,041	0,051	0,042	0,048	0,040	600
D	0,044	0,046	0,041	0,062	0,041	0,047	0,043	0,051	0,042	0,054	0,042	0,078	600
E	0,143	0,041	0,058	0,041	0,096	0,041	0,056	0,041	0,062	0,043	0,049	0,041	600
F	0,041	0,121	0,041	0,048	0,041	0,048	0,041	0,063	0,041	0,051	0,042	1,178	600
G	0,068	0,041	0,048	0,041	0,049	0,041	0,054	0,041	0,047	0,042	0,051	0,041	600
H	0,054	0,068	0,041	0,060	0,041	0,329	0,041	0,045	0,042	0,052	0,041	0,042	600

