600
	1	2	3	4	5	6	7	8	9	10	11	12
A	0,072	0,041	0,086	0,040	0,076	0,041	0,074	0,040	0,352	0,040	0,079	0,041	600
B	0,040	0,287	0,040	0,075	0,039	0,075	0,039	0,081	0,040	0,078	0,040	0,111	600
C	0,084	0,040	0,085	0,040	0,088	0,068	0,074	0,041	0,077	0,041	0,094	0,041	600
D	0,042	0,503	0,041	0,862	0,041	0,098	0,041	0,085	0,039	0,083	0,049	0,090	600
E	0,084	0,041	0,086	0,041	0,083	0,049	0,086	0,041	0,079	0,041	0,079	0,040	600
F	0,041	0,085	0,041	0,085	0,041	0,085	0,041	0,093	0,042	0,080	0,041	1,173	600
G	0,572	0,041	0,084	0,040	0,082	0,041	0,079	0,041	0,079	0,041	0,092	0,040	600
H	0,040	0,729	0,041	0,076	0,040	0,074	0,041	0,688	0,042	0,075	0,040	0,067	600

