600
	1	2	3	4	5	6	7	8	9	10	11	12
A	0,093	0,043	0,724	0,040	0,100	0,041	0,103	0,041	0,091	0,041	0,096	0,043	600
B	0,042	0,101	0,053	0,102	0,041	0,104	0,044	0,104	0,043	0,103	0,041	0,097	600
C	0,107	0,044	0,098	0,042	0,100	0,064	0,900	0,049	0,098	0,041	0,099	0,040	600
D	0,042	0,101	0,059	0,101	0,062	0,104	0,064	0,108	0,041	0,111	0,043	0,123	600
E	0,101	0,043	0,099	0,042	0,115	0,041	0,114	0,044	0,991	0,043	0,118	0,041	600
F	0,042	0,098	0,042	0,097	0,052	0,103	0,041	0,104	0,042	0,117	0,041	1,275	600
G	0,097	0,042	0,098	0,041	0,097	0,041	0,099	0,041	0,103	0,044	0,116	0,042	600
H	0,040	0,098	0,041	0,099	0,041	0,095	0,043	0,095	0,044	0,106	0,043	0,100	600

