600
	1	2	3	4	5	6	7	8	9	10	11	12
A	0,093	0,041	0,114	0,040	0,100	0,041	0,104	0,041	0,099	0,041	0,105	0,040	600
B	0,041	0,100	0,041	0,097	0,040	0,107	0,041	0,104	0,041	0,102	0,041	0,104	600
C	0,101	0,041	0,132	0,041	0,110	0,041	0,108	0,043	0,102	0,041	0,092	0,041	600
D	0,042	0,102	0,041	0,117	0,041	0,990	0,041	0,110	0,041	0,101	0,041	0,101	600
E	0,114	0,041	0,128	0,041	0,119	0,040	1,024	0,041	0,115	0,041	0,711	0,040	600
F	0,040	0,107	0,041	0,107	0,041	0,120	0,041	0,740	0,041	0,111	0,041	1,141	600
G	0,097	0,040	0,106	0,040	0,108	0,040	0,119	0,040	0,101	0,041	0,115	0,041	600
H	0,041	0,107	0,041	0,093	0,041	0,898	0,041	0,106	0,040	0,098	0,041	0,094	600

