600
	1	2	3	4	5	6	7	8	9	10	11	12
A	0,077	0,040	0,087	0,041	0,089	0,041	0,086	0,042	0,084	0,042	0,086	0,039	600
B	0,041	0,097	0,041	0,085	0,040	0,083	0,041	0,087	0,041	0,132	0,041	0,140	600
C	0,117	0,041	0,122	0,041	0,137	0,041	0,108	0,040	0,818	0,042	0,126	0,041	600
D	0,041	0,105	0,041	0,101	0,041	0,112	0,040	0,104	0,041	0,131	0,041	0,775	600
E	0,569	0,041	0,126	0,041	0,110	0,040	0,106	0,041	0,094	0,041	0,123	0,041	600
F	0,040	0,126	0,041	0,115	0,041	0,119	0,041	0,123	0,040	0,088	0,041	1,203	600
G	0,710	0,039	0,098	0,041	0,349	0,041	0,124	0,041	0,082	0,040	0,731	0,040	600
H	0,040	0,639	0,041	0,108	0,041	0,134	0,040	0,209	0,041	0,074	0,040	0,069	600

