600
	1	2	3	4	5	6	7	8	9	10	11	12
A	0,280	0,045	0,078	0,045	0,268	0,044	0,334	0,044	0,093	0,045	0,292	0,045	600
B	0,044	0,328	0,044	0,088	0,045	0,076	0,044	0,128	0,044	0,206	0,044	0,261	600
C	0,353	0,045	0,370	0,044	0,391	0,045	0,288	0,044	0,096	0,044	0,105	0,046	600
D	0,045	0,412	0,044	0,100	0,044	0,076	0,044	0,084	0,046	0,324	0,044	0,072	600
E	0,095	0,044	0,717	0,046	0,396	0,044	0,409	0,044	0,465	0,044	0,133	0,045	600
F	0,046	0,063	0,044	0,651	0,044	0,271	0,044	0,133	0,045	0,332	0,046	1,166	600
G	0,715	0,046	0,762	0,045	0,413	0,047	0,058	0,045	0,692	0,047	0,069	0,044	600
H	0,044	0,742	0,045	0,256	0,044	0,058	0,047	0,277	0,045	0,259	0,044	0,048	600

