600
	1	2	3	4	5	6	7	8	9	10	11	12
A	0,216	0,041	0,138	0,040	0,080	0,041	0,175	0,041	0,272	0,041	0,352	0,041	600
B	0,041	0,587	0,043	0,125	0,041	0,066	0,040	0,239	0,040	0,082	0,040	0,434	600
C	0,357	0,040	0,125	0,042	0,086	0,042	0,138	0,041	0,166	0,041	0,238	0,043	600
D	0,041	0,137	0,041	0,152	0,038	0,128	0,041	0,162	0,042	0,169	0,041	0,247	600
E	0,565	0,041	0,071	0,042	0,356	0,042	0,374	0,044	0,138	0,047	0,186	0,044	600
F	0,042	0,626	0,042	0,412	0,041	0,205	0,043	0,196	0,043	0,265	0,042	1,175	600
G	0,084	0,041	0,376	0,041	0,225	0,043	0,509	0,041	0,204	0,041	0,065	0,040	600
H	0,040	0,110	0,041	0,510	0,042	0,168	0,041	0,098	0,041	0,350	0,041	0,042	600

