600
	1	2	3	4	5	6	7	8	9	10	11	12
A	0,251	0,049	0,661	0,045	0,231	0,045	0,304	0,046	0,418	0,045	0,196	0,043	600
B	0,044	0,091	0,044	0,562	0,046	0,401	0,045	0,085	0,045	0,078	0,044	0,066	600
C	0,072	0,046	0,290	0,045	0,255	0,046	0,417	0,046	0,282	0,044	0,184	0,046	600
D	0,045	0,321	0,045	0,432	0,044	0,472	0,045	0,078	0,044	0,226	0,044	0,658	600
E	0,298	0,045	0,271	0,044	0,245	0,045	0,104	0,044	0,304	0,044	0,099	0,045	600
F	0,046	0,338	0,044	0,409	0,044	0,078	0,044	0,271	0,044	0,336	0,044	1,125	600
G	0,706	0,044	0,539	0,045	0,698	0,046	0,772	0,044	0,635	0,044	0,491	0,045	600
H	0,044	0,657	0,044	0,184	0,044	0,709	0,044	0,111	0,044	0,626	0,046	0,047	600

