600
	1	2	3	4	5	6	7	8	9	10	11	12
A	0,193	0,042	0,212	0,040	0,416	0,042	0,077	0,042	0,298	0,042	0,102	0,040	600
B	0,044	0,503	0,071	0,498	0,069	0,168	0,068	0,097	0,069	0,129	0,064	0,291	600
C	0,375	0,059	0,150	0,076	0,412	0,077	0,108	0,063	0,159	0,071	0,310	0,042	600
D	0,042	0,144	0,071	0,431	0,073	0,138	0,071	0,511	0,086	0,127	0,082	0,202	600
E	0,322	0,062	0,443	0,067	0,304	0,061	0,444	0,081	0,138	0,070	0,154	0,043	600
F	0,041	0,423	0,059	0,405	0,061	0,140	0,076	0,488	0,063	0,389	0,072	1,215	600
G	0,421	0,041	0,523	0,059	0,084	0,070	0,542	0,061	0,143	0,057	0,182	0,043	600
H	0,041	0,360	0,042	0,362	0,041	0,103	0,041	0,213	0,041	0,377	0,042	0,050	600

