600
	1	2	3	4	5	6	7	8	9	10	11	12
A	0,576	0,044	0,758	0,048	0,075	0,045	0,733	0,044	0,691	0,044	0,608	0,044	600
B	0,046	0,064	0,044	0,677	0,046	0,616	0,056	0,075	0,044	0,587	0,044	0,476	600
C	0,063	0,044	0,699	0,044	0,072	0,044	0,622	0,045	0,418	0,044	0,652	0,044	600
D	0,044	0,696	0,045	0,066	0,044	0,613	0,045	0,543	0,044	0,576	0,044	0,641	600
E	0,539	0,044	0,668	0,044	0,401	0,044	0,557	0,044	0,079	0,044	0,650	0,048	600
F	0,046	0,058	0,044	0,699	0,044	0,657	0,046	0,594	0,046	0,316	0,048	1,017	600
G	0,580	0,046	0,057	0,045	0,082	0,046	0,664	0,048	0,461	0,046	0,689	0,051	600
H	0,045	0,696	0,045	0,319	0,044	0,058	0,045	0,688	0,047	0,053	0,044	0,046	600

