600
	1	2	3	4	5	6	7	8	9	10	11	12
A	0,656	0,043	0,808	0,044	0,067	0,044	0,734	0,043	0,076	0,045	0,748	0,044	600
B	0,046	0,069	0,044	0,065	0,045	0,591	0,045	0,459	0,045	0,350	0,044	0,073	600
C	0,426	0,045	0,073	0,044	0,690	0,043	0,072	0,044	0,426	0,044	0,069	0,046	600
D	0,044	0,787	0,044	0,440	0,044	0,084	0,043	0,075	0,044	0,591	0,044	0,068	600
E	0,066	0,044	0,751	0,044	0,641	0,044	0,068	0,044	0,433	0,044	0,186	0,045	600
F	0,044	0,720	0,044	0,074	0,044	0,070	0,043	0,546	0,044	0,412	0,044	1,183	600
G	0,657	0,044	0,799	0,044	0,739	0,043	0,740	0,044	0,060	0,044	0,637	0,045	600
H	0,051	0,666	0,044	0,603	0,044	0,504	0,044	0,782	0,044	0,386	0,044	0,047	600

