600
	1	2	3	4	5	6	7	8	9	10	11	12
A	0,444	0,046	0,052	0,045	0,049	0,044	0,055	0,044	0,627	0,046	0,050	0,048	600
B	0,044	0,053	0,044	0,760	0,046	0,737	0,044	0,053	0,046	0,719	0,045	0,604	600
C	0,861	0,044	0,736	0,044	0,343	0,044	0,606	0,044	0,053	0,044	0,058	0,044	600
D	0,044	0,053	0,044	0,465	0,045	0,056	0,045	0,058	0,044	0,062	0,044	0,874	600
E	0,784	0,046	0,062	0,045	0,672	0,045	0,250	0,044	0,054	0,046	0,051	0,045	600
F	0,046	0,340	0,044	0,063	0,044	0,061	0,045	0,331	0,044	0,056	0,045	1,147	600
G	0,049	0,046	0,627	0,047	0,058	0,049	0,053	0,045	0,683	0,045	0,861	0,045	600
H	0,044	0,727	0,044	0,580	0,045	0,050	0,046	0,049	0,046	0,391	0,045	0,047	600

