600
	1	2	3	4	5	6	7	8	9	10	11	12
A	0,663	0,044	0,169	0,045	0,624	0,045	0,748	0,044	0,725	0,044	0,757	0,048	600
B	0,044	0,383	0,046	0,678	0,044	0,725	0,045	0,053	0,045	0,707	0,044	0,723	600
C	0,311	0,044	0,640	0,044	0,561	0,044	0,550	0,045	0,865	0,044	0,079	0,046	600
D	0,049	0,717	0,044	0,053	0,045	0,333	0,044	0,707	0,044	0,765	0,045	0,780	600
E	0,557	0,044	0,766	0,045	0,050	0,044	0,371	0,044	0,492	0,044	0,815	0,045	600
F	0,044	0,716	0,044	0,644	0,044	0,531	0,044	0,670	0,044	0,055	0,044	1,143	600
G	0,400	0,044	0,704	0,044	0,547	0,044	0,050	0,044	0,777	0,044	0,058	0,045	600
H	0,051	0,047	0,044	0,188	0,045	0,778	0,044	0,047	0,044	0,502	0,046	0,059	600

