600
	1	2	3	4	5	6	7	8	9	10	11	12
A	0,042	0,045	0,051	0,044	0,348	0,041	0,051	0,041	0,857	0,041	0,048	0,040	600
B	0,041	0,644	0,042	0,644	0,040	0,337	0,041	0,044	0,041	0,046	0,041	0,892	600
C	0,867	0,041	0,378	0,041	0,049	0,041	0,049	0,041	0,053	0,041	0,057	0,041	600
D	0,043	0,355	0,041	0,049	0,042	0,293	0,042	0,052	0,041	0,586	0,041	0,052	600
E	0,308	0,042	0,611	0,041	0,047	0,041	0,080	0,041	0,309	0,041	0,061	0,042	600
F	0,040	0,048	0,041	0,076	0,041	0,731	0,041	0,715	0,049	0,046	0,041	1,272	600
G	0,315	0,040	0,044	0,040	0,042	0,040	0,342	0,040	0,801	0,041	0,679	0,042	600
H	0,041	0,043	0,041	0,897	0,044	0,043	0,041	0,044	0,041	0,874	0,042	0,043	600

