600
	1	2	3	4	5	6	7	8	9	10	11	12
A	0,060	0,041	0,851	0,041	0,059	0,041	0,884	0,042	0,300	0,041	0,842	0,041	600
B	0,042	0,781	0,041	0,046	0,041	0,837	0,042	0,050	0,045	0,681	0,041	0,867	600
C	0,909	0,041	0,052	0,046	0,051	0,042	0,754	0,044	0,053	0,041	0,050	0,042	600
D	0,041	0,051	0,042	0,677	0,045	0,695	0,042	0,064	0,042	0,669	0,042	0,918	600
E	0,534	0,043	0,052	0,045	0,075	0,039	0,680	0,039	0,629	0,041	0,495	0,042	600
F	0,042	0,049	0,041	0,061	0,046	0,052	0,041	0,762	0,042	0,053	0,043	1,239	600
G	0,045	0,039	0,047	0,045	0,064	0,042	0,044	0,041	0,712	0,041	0,725	0,043	600
H	0,041	0,044	0,044	0,637	0,044	0,772	0,041	0,701	0,042	0,787	0,042	0,046	600

