600
	1	2	3	4	5	6	7	8	9	10	11	12
A	0,230	0,041	0,143	0,042	0,390	0,042	0,370	0,045	0,048	0,043	0,207	0,044	600
B	0,044	0,424	0,046	0,393	0,051	0,057	0,053	0,147	0,069	0,050	0,058	0,081	600
C	0,373	0,045	0,379	0,071	0,073	0,064	0,374	0,073	0,060	0,082	0,059	0,044	600
D	0,051	0,065	0,064	0,359	0,083	0,405	0,082	0,062	0,088	0,059	0,087	0,143	600
E	0,331	0,047	0,115	0,079	0,065	0,101	0,368	0,076	0,067	0,080	0,071	0,049	600
F	0,042	0,470	0,055	0,316	0,059	0,382	0,071	0,330	0,107	0,444	0,096	1,201	600
G	0,057	0,044	0,197	0,050	0,338	0,067	0,063	0,068	0,076	0,070	0,440	0,043	600
H	0,042	0,306	0,043	0,132	0,048	0,068	0,046	0,049	0,059	0,357	0,050	0,042	600

