600
	1	2	3	4	5	6	7	8	9	10	11	12
A	0,330	0,041	0,183	0,040	0,085	0,042	0,198	0,041	0,186	0,041	0,228	0,040	600
B	0,041	0,182	0,042	0,052	0,040	0,082	0,041	0,134	0,041	0,143	0,041	0,183	600
C	0,258	0,041	0,207	0,041	0,220	0,041	0,265	0,041	0,254	0,041	0,062	0,041	600
D	0,041	0,335	0,041	0,115	0,041	0,262	0,041	0,190	0,041	0,233	0,041	0,160	600
E	0,350	0,041	0,321	0,041	0,140	0,040	0,305	0,041	0,209	0,041	0,253	0,040	600
F	0,041	0,060	0,041	0,048	0,041	0,107	0,041	0,056	0,041	0,055	0,041	1,164	600
G	0,050	0,041	0,048	0,040	0,045	0,040	0,047	0,040	0,049	0,041	0,047	0,042	600
H	0,041	0,047	0,041	0,488	0,041	0,091	0,041	0,047	0,041	0,242	0,042	0,042	600

