600
	1	2	3	4	5	6	7	8	9	10	11	12
A	0,095	0,044	0,086	0,045	0,085	0,046	0,076	0,043	0,086	0,048	0,095	0,047	600
B	0,044	0,084	0,045	0,079	0,045	0,080	0,046	0,100	0,044	0,081	0,061	0,081	600
C	0,080	0,045	0,097	0,045	0,082	0,045	0,087	0,045	0,082	0,045	0,096	0,046	600
D	0,046	0,717	0,044	0,083	0,045	0,082	0,047	0,082	0,043	0,094	0,045	0,123	600
E	0,105	0,046	0,097	0,044	0,091	0,045	0,082	0,044	0,732	0,044	0,254	0,044	600
F	0,048	0,087	0,047	0,085	0,044	0,094	0,046	0,093	0,045	0,458	0,044	1,146	600
G	0,081	0,045	0,080	0,044	0,085	0,047	0,083	0,044	0,083	0,044	0,082	0,053	600
H	0,047	0,715	0,044	0,081	0,044	0,082	0,044	0,872	0,044	0,083	0,044	0,075	600

