600
	1	2	3	4	5	6	7	8	9	10	11	12
A	0,125	0,047	0,686	0,045	0,120	0,047	0,102	0,044	0,108	0,047	0,130	0,045	600
B	0,047	0,621	0,044	0,109	0,047	0,860	0,044	0,377	0,044	0,118	0,046	0,132	600
C	0,092	0,047	0,127	0,045	0,123	0,045	0,131	0,053	0,125	0,046	0,092	0,046	600
D	0,046	0,131	0,044	0,112	0,044	0,126	0,044	0,124	0,045	0,775	0,046	0,113	600
E	0,123	0,045	0,135	0,044	0,096	0,044	0,093	0,045	0,342	0,045	0,094	0,052	600
F	0,048	0,862	0,044	0,101	0,044	0,841	0,045	0,112	0,045	0,099	0,045	1,179	600
G	0,085	0,048	0,090	0,046	0,096	0,046	0,092	0,047	0,149	0,046	0,081	0,049	600
H	0,046	0,085	0,045	0,089	0,044	0,087	0,046	0,084	0,045	0,088	0,044	0,079	600

