600
	1	2	3	4	5	6	7	8	9	10	11	12
A	0,157	0,044	0,150	0,042	0,104	0,042	0,103	0,043	0,105	0,041	0,127	0,041	600
B	0,043	0,123	0,094	0,102	0,103	0,103	0,111	0,102	0,107	0,103	0,091	0,114	600
C	0,114	0,099	0,106	0,116	0,110	0,122	0,107	0,127	0,105	0,122	0,112	0,046	600
D	0,042	1,002	0,124	0,108	0,149	0,105	0,133	0,116	0,118	0,114	0,115	0,116	600
E	0,108	0,098	0,114	0,123	0,167	0,124	0,108	0,145	0,113	0,116	0,509	0,049	600
F	0,054	0,103	0,107	0,118	0,118	0,125	0,142	0,121	0,128	0,118	0,102	1,240	600
G	0,108	0,065	0,110	0,115	1,157	0,112	0,116	0,124	0,099	0,116	0,121	0,044	600
H	0,041	0,100	0,043	0,342	0,045	0,107	0,051	0,116	0,044	0,103	0,041	0,099	600

