600
	1	2	3	4	5	6	7	8	9	10	11	12
A	0,180	0,046	0,148	0,050	0,105	0,044	0,121	0,041	0,127	0,041	0,111	0,042	600
B	0,042	0,099	0,042	0,101	0,040	0,099	0,042	0,091	0,041	0,100	0,041	0,094	600
C	0,122	0,042	0,106	0,041	0,116	0,041	0,116	0,041	0,102	0,041	0,105	0,042	600
D	0,041	0,102	0,041	0,113	0,040	0,116	0,041	0,104	0,041	0,109	0,041	0,111	600
E	0,108	0,042	0,110	0,043	0,124	0,040	0,108	0,041	0,114	0,041	0,118	0,040	600
F	0,041	0,119	0,042	0,109	0,043	0,103	0,041	0,109	0,041	0,119	0,041	1,207	600
G	0,111	0,040	0,114	0,041	0,102	0,040	0,106	0,041	0,104	0,041	0,118	0,041	600
H	0,042	1,067	0,041	0,104	0,042	0,116	0,042	0,098	0,040	0,248	0,041	0,103	600

